20.770993430801788 33.376128047572905
15.25552261854836 29.73704031741837
15.072128839028895 31.981363083675852
24.92858094260845 33.52601910685668
17.02866833957851 30.89931209052757
11.51727093514293 25.71385941722072
13.130107674332615 27.579714528828557
16.35739276825025 29.969915660230154
19.84534839708026 33.492447373930865
18.217612397619316 29.3776474514867
20.45176987250807 32.776248188336595
14.33494340787086 30.35680781084342
13.842666267810285 30.161554659508525
12.739213044230969 28.082978619161544
21.66800010959306 32.835418033157886
16.350937629880825 30.285336796034212
10.074769650457823 31.91654412488604
23.192028379722608 33.36545883574158
13.688785493438035 28.5927253257222
14.080091948103851 28.18554504216663
16.49362258048944 30.44511935234255
18.382843107345753 33.31090479818093
13.420595195964992 29.19844789474846
12.27366956232523 28.362029982493464
13.649345939223831 28.09578852041705
12.11651528995838 27.306443137681747
21.03456725901427 31.617872075134496
19.202139877623342 29.82283863095932
16.744351083769924 32.259324992425874
22.592107299391287 33.26734817960139
21.534513732745122 32.606651004161776
10.90320887209231 24.7256096219777
23.786642672566224 34.038491805093116
13.692508189040456 26.583557822497475
13.329656487410206 33.052905172144364
22.35680422218308 32.52281455076812
17.06661337009462 29.61147812196506
24.542756289531315 34.30810714174892
11.275456943337701 27.960345387478053
21.698621342273775 32.237025333216174
20.40465016851859 31.754629462196494
18.155217893427224 30.110619803932828
21.3766113524178 33.59243115999544
13.639436548405978 29.141149881357418
23.199038744250007 32.19938638595215
21.771767587398646 32.10972288256189
13.869953351400364 27.985398811903092
16.246827898829544 31.246214440685563
21.32152355167922 33.39814119630696
15.196307807644837 29.17317182373673
14.596266099154057 31.52271918097328
17.843721098468087 30.623452666474428
26.309233078148278 34.49149980243082
18.311379328941133 32.84074426288255
26.480811660394817 34.67181820221632
16.877942187166802 29.89015436914292
28.53639116236893 34.692552372884585
19.47068519092186 31.929193520795568
15.360320128244236 26.432466273289865
13.322331049029305 29.152925339645215
23.303932930888333 33.31747167592429
19.928158219579746 32.56175373186134
23.38236367709042 33.5477561401816
15.41810327201205 29.068340542396463
14.922925216811064 29.56934040436399
22.570248448504483 32.564489934950416
15.31441581325256 30.134266722482057
19.28038577516333 32.374006491588716
21.71400167781729 33.393242729667016
11.360016565646786 23.29290080891378
24.02661276218733 32.81830524705929
13.84907753066265 27.969845028474616
18.2742143806155 31.74100432813134
18.34367933632029 30.112749522948352
19.228752679263287 33.463639556891344
24.4839150121763 34.50762229339583
18.574254473998852 32.805486054487254
22.06761668985704 33.85706045827293
14.653957320743018 30.76639079219281
10.993258611389097 26.390511643717478
16.227150317231875 31.640846710711756
14.339471936056714 30.262911029952395
20.19748465813838 32.05456824172477
25.607895763533907 34.04768483974344
13.801582533224725 29.71244297669134
18.535760046256083 29.881834787544154
20.03456697725599 31.962538743709853
18.355990238208403 31.769100319647528
12.990929871486681 28.56748538912669
14.494484119699885 29.39750799237932
18.39133803126728 31.244164789489542
25.576945289244016 34.19485218737783
21.202965907937745 33.71837964070903
21.500917109043108 32.90171797281794
14.678613965434977 28.383327215761117
14.58105917264395 29.43438001065071
22.779615587261908 33.743207433281846
16.997398689765255 31.305729168818306
15.99889684213583 29.165376809418124
15.0212109343356 31.51762439563349
15.135141551342233 31.10785146480149
13.841044994817459 27.90165398720937
14.046191421210898 27.68003902153309
17.53001821166057 30.14398964353317
25.593690393697837 33.87293626669884
13.596494189658078 28.731790574802243
13.903151184141722 28.827739295841273
13.158869882457408 29.380889078101514
16.164041610797444 31.286127883469344
10.37345169407911 25.019622821412124
13.60646838302007 29.040469052355576
10.388030139967984 26.01824493475994
19.874227251213398 32.621188256656815
17.87276758604563 32.90689024851505
17.9699413100474 30.634233494736264
18.441891113133675 28.61007640283237
16.85918760262636 32.54922072185308
19.794817737156325 33.70834868582325
14.868380344993733 30.500252165968913
26.21537509513209 34.546295750072225
