20.239295869784446 32.6860635688033
25.77460208276274 34.207798939298385
19.78835741034289 32.553831159989755
21.32342299784529 32.52511268468897
19.666366617202346 32.73428130976705
22.05856974968809 32.72464790930035
16.935046898685563 30.7030303196289
23.737731570856603 33.51246760180122
15.172614334505415 30.323576671533864
18.33062221649281 32.34234199899389
16.629400809380538 30.696439058484952
18.272478194140024 32.71076639682762
22.04394200850685 33.73964384846942
20.85112762347204 31.302005035149005
21.850350392078727 34.04863626019849
25.32719248094323 34.230438647866265
21.484955277348867 33.476618414214364
22.461125331990356 33.28250751408286
19.614085496432445 32.36335638254504
23.25948389036497 33.77722702428213
20.21672210097298 32.278650293288564
21.685371868720047 33.29413208687558
21.503985598179238 32.96795346912267
21.708405089291166 33.41599840704448
25.340271787186325 34.053132085066835
22.647504758587385 33.64480373912245
17.143714283074356 32.23360436858095
21.338536102529282 33.09776080055676
22.127739685041316 33.53272153995394
20.735407699609503 32.93515323906289
23.16068145551242 33.79168298884752
19.840841429320932 32.764175201453234
17.040902892916982 32.581166422924646
12.774365153058447 29.84778508456554
19.857620386916185 33.1928170394342
16.017189123201703 31.243463166423247
16.03529770247523 29.04689206991495
26.249561849126394 34.24144469074576
15.686979984951117 31.848400445022666
24.15091692949761 33.30662503887027
19.2261381451791 31.961786085627732
19.273110612258062 32.87077103744696
15.201717787450589 32.59037515655073
24.843455797511453 34.26470952600439
19.057782710897214 33.48448553300412
17.52719631769244 30.444452606370813
26.118150496126205 33.97560912130787
19.86324030088005 33.10327873710066
15.998177010775102 31.32372744831114
17.066920478025033 32.70279675255311
24.727564929479243 33.48861200768539
19.477770541744786 31.854718189785824
20.33918159585315 33.31566499930423
16.11354390692175 32.61889407871883
29.12716634768418 34.88383614705104
20.294513770218504 33.64232954345364
15.19980676567292 29.746171165012314
22.73783104523278 33.19313024573746
14.97138613288934 29.46649400247157
23.602729267466973 32.91358420072395
21.859259934526037 33.0719188624443
18.499848940174253 33.01285397775727
23.784825315488817 33.887078237620784
18.39052478719598 31.74427572120483
26.197260372069568 34.51994506760563
22.739916791606536 32.97813763181902
18.639551348074225 31.034455067635122
20.07546630599914 31.434059983802694
23.195728417065926 33.68715087268872
18.068702367505193 31.360382486104687
14.997749891208986 29.782895884258224
24.32395868087199 33.25158700638247
23.92522332288755 33.90993344842852
24.43687608665022 34.21426225157857
18.522771091667178 33.17348213941295
21.574294413611423 33.324806006894406
19.78827343561874 31.64023025585201
19.92361297527115 33.021048268897864
18.471031335382065 30.808548135793483
25.444011488700717 34.41126842547675
16.998795778620636 31.657467924039118
21.488520900489224 33.473396138876836
15.806359706477732 30.244107368035987
18.432387898012486 32.21815071037036
20.30779115116644 33.39262372905267
15.903422168602109 30.143896071461022
21.83329454296959 33.7425961609225
18.829031767527557 31.633769570147262
13.554155640208725 29.467375285094008
14.340589665135832 30.43474216506454
21.747880590851278 33.89613884296569
15.951635258855145 30.829563404313056
16.457981514687503 29.731780246773955
19.080848795619055 32.373098546425226
22.78646764478293 33.79909526338983
21.78479918539193 33.939049789904224
14.149943786248869 29.96122806389326
21.026930579569868 33.38303392209859
24.909484923227097 34.07842631972542
19.503317299609357 32.07012974741536
15.4946466421503 31.434688465470547
19.104969760116592 31.066729184884668
22.37804379382238 32.87695877922049
19.94459176693071 33.484793301460634
23.03882561086664 32.97915498174893
17.536480771152164 32.125972601037866
21.90588434421037 33.289658005562664
22.410155146710242 32.716134080417866
24.441674254680745 33.91883950612906
19.367951167190686 32.34794455224678
15.61426325830867 30.516454292878453
18.062416996478017 32.780210795112524
20.000445666270508 32.600530284406275
25.8160215199998 34.14479576794065
18.269419225356383 31.156802550978114
20.56173737843735 32.31033403170164
23.596024561624915 34.19784754612984
25.347175156071106 34.353996661993094
22.194104665010233 33.32178563235115
22.08294964840749 33.528831524323266
