17.72885542393773 31.430227087514
8.817779095307063 20.66665706432566
13.82422359959773 31.687137838160222
18.959905100902116 32.10382966251716
24.731625113167944 33.69790484273054
16.976540418659322 32.05910159956151
18.780576538204077 31.07054608201844
9.826749565612886 29.774547336153372
18.914475865525837 31.978754204945233
9.799959097013877 20.680004326083647
20.267193673070402 32.51887161493607
11.281790436891093 24.717969851891798
13.18580650087588 25.05703017834902
12.079206624545225 26.421543525925156
20.577297056792496 29.055016354214004
18.95146375965816 28.851521196240338
14.474136644941282 27.05391685293354
13.210193715450279 28.220804728913354
21.83852320610878 33.03505024318982
19.585851163986955 33.61074917373809
17.115779354258642 26.866457578649893
15.737742829913907 31.662263230380386
12.601522865575674 29.421833940356727
20.156871518944133 29.912089099796233
20.10383791614002 32.47408558875133
17.327043707788686 33.52876607350603
14.721693742620095 30.3400458535345
17.986848608448096 31.69226688028064
13.776936939683033 30.614757065879605
17.791188152266898 31.858623211011718
19.22960137860375 32.99927139597893
13.053457655832474 23.431388830339007
18.52533788685537 31.230309280331547
14.619309021639799 27.721199842173245
15.72891125644496 29.36745333559646
18.444918781760116 32.47184221724776
16.46664687523165 30.10759182275163
8.564496650494293 28.42378139802349
24.987243255531336 34.36186928437598
15.642148375776545 31.453365131319952
22.37923676599134 33.452285372668705
12.239584687214005 25.81226640674298
15.459637514303399 25.54032005388013
10.898823045810403 28.41975388841341
15.656799091448589 26.980479918891614
16.145983978117087 31.91339895275486
19.477221451856277 31.19035491737665
20.08107553258999 31.605164840879926
10.467123749071103 27.615919059006508
20.649233352842796 32.782546324942714
16.268194755694743 27.63766058334406
15.830724616184877 32.63590255703005
10.725369484441817 28.049938809513694
15.770511989474059 30.642832472975293
21.56182790648641 33.324939548698964
13.967273715783092 31.186059332560255
16.12855149306712 30.58230621635463
9.999662064086255 29.70184496363901
12.96644456288637 28.301169672244082
15.344877672684152 29.395500250711066
