12.34797993653237 27.236489914344972
16.292428193364564 28.248825792036506
14.34345870611198 25.334759322422045
8.137829033035176 27.951148580776874
6.824800623567093 21.659498371759522
10.7637120908253 20.5638784436505
13.353794531737814 33.129580817531746
12.902636534176704 25.09391120816425
21.144387747051976 31.420190932750614
15.046793495685074 31.077778519739745
19.22058227246576 32.92011195769937
19.850980290210902 33.60497053717714
16.409207676490617 31.92581468773665
15.329918455834488 27.53813688094426
11.944820795088077 25.815783519333
12.375609254168241 27.712393887960246
6.492539678884005 18.199288455407604
9.881569514709728 25.192733411688643
20.89127631490827 33.04207031972913
13.272552777679502 26.118936694878
9.63344341546567 18.380954225417852
27.54818438494339 33.799404672441966
13.96335874335426 23.175879656541696
15.404485166190126 28.78413435666645
28.55913569016967 35.00218541319681
8.934926191928092 22.88015811450687
13.23792142279414 33.45117308537999
16.81910625479475 30.90015309392796
9.642443420695395 25.50305239140683
9.221698747143884 26.923553758601482
7.746407596130903 16.744152443994935
13.438285756827042 26.30699415772225
21.100435914328138 32.132616471102125
9.927776620381579 19.347507812138016
19.097684909460494 33.722904835943915
19.012352829320267 29.470740857450185
8.798038978658697 22.42062147834675
11.007370824782074 22.564081583001773
7.029141991755196 19.960876312187153
7.636099481923727 17.748684405589394
20.36984201142291 30.26444592485091
15.975598951686306 31.26838269800555
10.573498535603608 20.029184177813505
8.56049841136377 23.778357751102096
15.18149468783342 32.12883749395571
11.729362247520388 26.150339590506643
25.95790452501955 33.64673262846669
10.59497407560401 31.043274965753994
25.522810090937405 34.10582744018532
7.906650670616331 20.52027018964568
13.343462288399488 24.66386356138083
14.570011447908307 26.824389986126956
11.467880994864448 23.102228318687068
11.784276307623465 25.753935823198752
12.81890801624707 22.485765867375942
9.7137806962678 26.473365553307335
23.232702057908234 32.4290114119554
9.92069229787393 23.712148016731746
7.9267103993176615 22.32004180183456
10.137175489563143 27.19028410400672
