18.985816160285967 31.53328775736722
17.35568102323885 32.162295154263866
19.473021353731855 32.135139726925075
19.09267004680534 32.68759612823014
13.190159931109145 28.004954964973013
15.938328074792723 32.14721348599703
13.866716094241038 31.66447009541204
16.0640357257357 30.012335446438907
15.599731588429805 32.275150591301866
15.653273499126264 30.262821696069224
23.644274439119066 33.59061258138268
21.24461149746433 32.711506347427395
17.408719944931896 33.44170776146101
20.405723837096307 32.67872829128131
13.826328178468279 29.348695382472076
15.246959769452904 28.59198757644077
20.34832761059644 32.29988614343637
21.60040371795053 33.5752469555235
14.499806151813289 29.23206233277951
21.45593234572571 33.119815651853926
27.01284928001006 34.49515125898345
16.14021892505727 31.575022304495818
17.687333603770764 32.53750601184938
20.603036946261955 33.41580508018559
19.941567906685474 30.947497808143982
18.482852827936764 32.53067753304274
24.309191748524118 33.68203350435762
25.676896004735877 34.2822123478263
12.595153856004778 28.33223810125513
18.82403768785759 32.59873212717073
21.38788720366655 32.90810011716302
19.842239083983635 31.80830724373751
25.12934852312955 33.988595607611465
11.782604038377352 29.87921128647682
19.80095070110471 32.58226970340049
16.484409034036936 32.1875919118577
24.37796867688737 33.410070693642474
21.47521340551974 32.72168967732332
21.74209466880876 32.76372673616773
19.496932504491173 32.782151146907175
13.135621320507086 27.01055154487333
21.51351929736392 33.05098594759222
10.86760250211054 27.83089128262067
23.088023948805308 33.15146475722607
21.162192083919354 33.00336567158623
17.594937780514655 32.134894225420645
19.589755142072264 32.586662736563056
22.632021491227444 33.767377885755806
19.951892009312317 32.42404969922931
23.244306876745956 33.90599475161358
16.024670834862427 31.761702718491545
18.83734407858472 31.003616885370427
18.790446502704604 32.326791389841596
17.478690530986785 30.745547453709037
11.998877666838801 25.568909433684194
20.166647008712687 32.789398138842614
13.367265563668687 27.78678988734513
17.147079842350657 31.98770816783621
13.773264155051393 29.013815241814996
19.29552013710402 32.56370022015013
18.576996336173632 31.460569819627562
17.536447912405322 31.59908813619217
18.172022961134477 31.796660923211366
27.25369500771524 34.528191869169326
21.904016238966072 32.86081837581899
18.177027180076134 32.06525182758225
18.675452336600973 29.966740794622655
16.315803490728033 30.600782147983896
22.09898276369041 32.84961454310218
23.99090030560206 34.115242441795246
14.03507728415447 29.23636006560759
14.748581518831948 31.111718187857583
17.910479187271783 31.02257705480087
20.1360998067268 32.294012183516465
21.00332033134898 33.240770435659876
15.871052875676556 32.252339480890846
17.23502063171306 30.793624116158814
16.213350276147153 31.131624228051354
18.057938320475607 30.048744999786837
24.938975010930914 34.09596130061794
15.25294536316184 30.7735152617156
16.747357038741285 30.809045998523718
17.207121954761018 32.10593461347725
19.851198431238373 32.92542097669073
21.18372560780054 33.84380937173068
16.510262008151365 31.28543733583931
24.317017537384253 33.45193142382915
19.09424150487469 32.44002795425967
23.550025731609054 34.057753343418824
22.610072151251856 33.61927401482816
18.709919012276043 33.12698366284465
18.428454909143753 31.18238932954653
12.97230721042299 28.670202894230506
23.702996132460733 33.917690249389764
23.789912498068308 33.610737032605016
18.927655329200164 32.04755884170436
13.956730653950736 31.451417705285643
15.025410423941342 31.113788870379224
19.1001230336656 32.50814982461872
21.835869910081527 33.10208699205276
17.908845390835875 31.497775886158475
15.148885387150548 32.851235955151424
23.57149696315533 34.2392494341679
23.371286054964404 33.52111315165323
20.81319503945203 31.740195928347585
16.017425612889692 29.61181739363366
23.787887838031466 34.096262668614806
26.5201249786201 34.30881702442916
21.068679561729255 33.4250559920286
19.54605797185009 32.849911904511536
18.017182909349078 33.19812434879977
19.871048947947116 33.4068931532805
15.805338101074101 30.557520366922553
17.085908888587554 31.29740459662854
16.587688145544487 31.922788878634925
16.849219768041053 31.697036911997575
18.989900461267357 31.89802487871503
24.48511587730455 33.88326582045185
21.900566164514206 33.46585427488695
17.949164852373737 30.499121100910948
