6.665280671558356 19.047980350846842
12.960924120187888 31.072485897419664
14.797192375845343 33.24090288446837
23.426347840759156 32.889260030847296
7.118867020448627 18.45146845515005
7.046697472718535 22.91822761541982
7.10527062698846 20.18162377722689
6.81413213750037 21.559155353306537
14.606644130746675 27.92036139306049
6.748466968205377 15.963401303088487
1.556042228313726 16.911159053098135
15.828584513061552 32.33361028249827
7.723876926433082 18.7472050985163
5.334550537087577 20.076898618867386
7.923998134747434 20.379914043557516
9.086755050140898 19.32252746028231
14.069266126309483 32.358743390585104
5.430664934252031 14.25801337617835
6.915010638690242 22.518079596033566
8.438520986885074 15.502433623016069
10.416911683172824 24.112219956896872
7.9422096584981094 23.226244857591006
20.49649490698966 33.919886821813876
9.773802897475672 24.784081882614934
22.956934594698062 34.101804237193086
5.120154647987926 14.77513527789507
21.210767371730142 30.866026065854093
24.36789262429056 33.53279663899723
26.544048670786196 34.19846334575711
26.75363016728201 32.90134883512762
6.65133489513528 19.941058511898873
9.14975785696032 18.271514188672185
13.857845875368366 24.460638447572915
5.974387507903633 12.621016237357406
13.189222592596153 24.033711806661476
7.591427659705964 15.91869153387
12.962828320302785 30.34052092819407
5.692967374663344 14.238337409551539
18.672884438379853 34.085448050021405
21.40532316325119 31.183960118927583
20.828019162599006 30.311885239215858
11.315166875783172 31.581566204408574
9.802798105647646 20.724040253155792
8.710070285567106 25.90616286597578
8.660520308446005 21.36584176525098
12.322002474631585 29.76704195760155
18.960556917695634 29.557496361394165
12.388115859839132 28.945478990877696
7.435640539635938 26.495047521937945
9.401206770269013 20.859740530860925
5.150462539919421 19.111816857459996
4.274061965448963 15.910659345276287
7.70594544266519 22.939005324841407
3.478540942911715 13.313516122856024
5.018363538666155 14.9916372237366
11.907575809862843 24.07282279297379
15.001525266644164 26.832065881294042
5.042316654877599 22.44016014460441
7.7980693759377635 25.95480875281479
18.210440141564124 27.070831901935772
