19.661873349942596 33.198067352910236
12.917995207118032 29.176881317669046
16.728752927559785 27.394842868226913
15.914172146517876 30.96483192885131
13.434528859448827 26.551892651258267
12.734657666026777 31.882182995371654
11.090251479195071 29.88550354182742
16.680844754089204 31.90595733519016
20.268213326028125 32.10448400886626
18.068013893967933 29.621598793424752
25.697653125459937 34.541083754378086
13.188718939076395 28.01181627756012
22.279620456339636 33.68333013659873
11.656550367039669 23.63018318991662
21.31801580276602 29.61966656673409
16.776502777171284 30.58022786190673
9.868279824360346 29.245549648395134
12.738338470165537 25.024733004804542
7.506278149417904 19.69115144662839
12.502821002354812 29.16617617266493
17.45792724330894 26.726442123383546
14.449882330246329 32.975586611162804
14.596499233981444 28.125633511147907
14.176118173021 29.174114512761683
15.798966864370888 30.88261010226261
20.375081912242326 31.783526679378276
10.325232912251224 30.204554075837915
15.418511653874939 31.154837056581975
17.62015087930096 33.32281065429947
12.767854031214329 26.22829994011975
16.141546872475246 28.471621382198258
22.020560951193524 33.18523624024641
14.790488816798256 24.064324013256552
15.486901995258972 28.85881243125345
15.058318022778568 27.720479122716704
6.6470034993016895 22.534480815696302
18.69883323062278 30.530923154269516
9.02930045279904 19.00761835913548
16.847950544953147 30.76285028048819
12.88950508267708 25.771376382534058
27.4271651045439 34.519272496602056
7.58235378913074 21.887326324903412
10.07738686455013 22.897394856065375
11.878654938643056 26.947684317169863
16.50895794848235 31.119794220812555
21.175312604602368 33.3941198889455
23.40168839633269 33.73343137791565
16.769316057406915 29.131263269749876
8.32655984654316 20.12909947111596
13.813118839406217 30.695747944499296
13.926213708420708 26.203438188147253
11.335770388057451 27.00068748190183
15.982452900025953 28.624044035212922
14.592714889770255 25.396035036777548
16.244063219474885 30.443625138049526
24.603411311342075 33.74155085825881
15.823166059687251 28.923238693920936
17.394807417098768 31.42890314767918
14.684294479904407 26.731495286233212
28.60750341567839 34.89693459369659
20.207372999561052 32.428398795749544
9.396155580713817 19.720453522900275
18.57222026497698 28.65146066778434
16.00917777684775 31.41303311536229
23.516194996450185 33.59734419762893
18.04829954622309 30.89279020697049
15.798155362321914 30.65107075712293
13.48360665631485 29.125572008286603
13.610748995365705 28.975884129126243
14.068839805789196 28.639121223120526
15.582668857685595 28.325505380908037
18.800144901519246 27.90814567340693
12.307245411343413 25.903037144481956
8.969451683477585 21.582238869683227
12.985443590713578 32.90165801383222
8.809074647279404 20.480352046742638
19.43856247952402 32.559893011246835
15.843031332351613 28.697467883990754
12.995996367010594 31.21793399708765
11.368849293965065 24.374863128005057
15.209486441982094 27.863451543931653
12.416885849498948 26.68216201295322
17.339597768235436 29.538677010530854
17.124496885589515 33.188568358339545
17.10487936014302 27.96305278257521
12.351113867257864 28.978404419871882
13.75917925998352 30.540936434887804
14.916231699180647 29.452842117692132
13.17898925897612 30.658204620167577
16.25959066637308 29.875154642440574
11.14769016590503 23.586651175144034
11.010003502284446 27.358174486094196
15.682047348916221 28.89429963997471
14.86838483874738 30.203264152649393
27.16516545574814 34.256883423017975
14.234011724402698 31.137461372386344
9.690431887539424 21.545554476748514
29.394044533711146 34.840366744707495
19.672944712294697 29.620067526761193
7.902647769014335 17.21322095535195
12.397316892277132 27.258989255826837
12.615804984721924 25.495513583263165
17.7384933494249 29.70661497319177
16.861012166186264 29.177541844026454
11.150042923119798 23.368923740568214
20.546931742196545 30.991111138211355
11.579367098632734 30.269505541645213
11.592445686317584 26.693711175642996
12.67579562206173 29.794075910997332
16.89224848059287 29.09309865597087
17.425881420875605 32.48731437190396
11.618542207749453 28.536699623720974
12.962038657375757 26.411834055245517
10.606327604852591 26.295666987411696
17.707959802798605 31.23987630283117
13.357703285874141 30.208937756174958
12.659169459586968 30.49586194783433
8.064606128423431 21.60349065007133
11.008760126945262 31.51517157273224
15.732568131468236 27.904001664344445
