6.219273122345775 25.609196514484772
12.720802514033506 32.57750819828098
8.724081396440821 21.00698195531378
7.6237590378962 22.607858698539154
12.212151958268205 28.14531786145424
7.780603762879095 28.873813125216618
13.272096546928575 28.773231839536166
7.087949651644629 18.640693708455487
10.755306546424459 27.898498907768612
9.592385742654788 19.66216108575918
9.566049643840701 19.087782805966654
25.753499131437408 33.62705926243019
19.784365683377032 32.84846066656672
6.444556353067775 21.933700797253408
17.527844450765503 28.38035330764074
8.859261858991115 25.44548518476741
10.207836896161215 29.861276797176814
6.244587360919366 18.69943694894364
13.70752429344413 24.233869557202002
7.076429813535556 18.56270271020814
16.185290086980917 28.54678714227916
16.941203603259964 32.211220028606604
12.482728185452132 27.52725753711999
15.556852058557654 27.711618203910763
9.915501606574038 21.849564403080862
9.496142924934432 25.727003418009375
6.212765352234019 17.660400342625096
11.838847538247567 23.888791344348117
21.8412383798954 33.490845618022306
3.945514753138109 15.045529242419704
21.720385503901223 34.12777834983352
7.2437439037495395 29.521552743879703
14.725362842496297 32.268275867654445
8.379470483391454 18.66426229742615
9.825217487174662 18.40469474133825
7.438416051354693 18.82273021685204
12.048536062288917 27.937358407725842
26.749051154467605 33.46387336922281
7.276266642223207 17.075355802598917
6.7950731083090465 16.02246571662721
14.447377648558193 27.29585458124704
19.99937626245931 33.90143588544776
16.06810564998165 29.37625321422162
26.252163556460918 34.15742394543638
9.537559146379607 25.562961984042712
17.850574326465665 28.67150706888015
15.751238521422488 28.675442224463872
9.39313615669944 27.482697983968905
18.55176865553621 33.32440963366714
10.168726413448402 31.471272379915412
7.814495650545324 17.821059666092253
12.6126569407473 26.73386268997119
29.585786148649646 34.67724619520127
27.418703678193435 34.07708252029695
8.254194390463379 21.88352427651927
11.229399364674146 21.892552201105417
7.151632281242574 18.786606444929014
8.198231650877025 20.06731990692677
11.334080170006946 30.635170002440596
6.212730205925387 19.238630797934473
18.40888046983963 31.4192821683911
18.145886517405103 29.64169665696465
16.59184882789587 30.97150914070617
12.0584014612597 27.17709156301277
21.75632490394755 33.78467928878265
7.767847387122746 17.763191487243294
14.067522817206948 27.99076402645814
12.346838353929249 22.820070214107023
20.087410612133084 32.324736165999006
8.14192032904254 20.162524853507875
9.52081501272694 25.864449796756805
14.702599949551681 27.143865080617093
23.177159702242918 32.34675404520714
7.012389823561466 16.59769018532692
8.300364906556085 24.1183627941725
19.655920670272167 32.170596753092404
13.75199000004946 29.38154335370385
8.169016084020528 21.425023908701455
12.72056613704918 25.7966030706132
21.690089916148263 32.8329418377374
10.244132447330172 22.824882059066592
10.250612447222762 23.074432306885686
22.420391489162366 32.0287026076751
7.8702635779526675 24.003747523103215
6.694523875211755 18.810101744618354
13.062901115039683 22.672394148382196
18.731687271185297 31.287400789704467
11.761369240008797 28.498671526656565
7.099417004636965 18.97327267604408
11.890808846727982 27.485169783194358
11.167455329034608 24.086040688416812
8.915999305751908 23.710551897874037
10.052762204740045 25.635897909552018
8.915430363825145 30.990977383986465
14.448758662543593 29.574570758044587
15.188637541671229 29.145376467275725
28.903938984332182 34.75053124254929
13.360277984248329 30.10868054702474
7.695791852306837 27.613033730238328
13.837535774929574 26.20280691059555
9.375838151293221 25.695913973401236
27.683984372566282 34.2437853155322
11.156165099829613 25.259569255449435
21.357258902872264 33.4783433845825
10.968183856882872 27.534206074483702
8.685039609754629 22.14257682366508
7.193617814502266 16.163905791052876
11.13572472526977 27.622408138246357
10.648139062880592 25.594146292182984
8.082264101453362 25.755729023324818
7.745164722455895 23.077862356548653
7.102174892285078 22.241442432609652
10.219211253301616 27.726264711681885
18.999066091327684 30.780003551238245
26.678086350214297 34.062558307880714
16.069664129816353 32.897681235759514
13.880464186450483 29.45279903756607
10.552955569719066 22.173608215199586
17.690264447695974 32.786335567338426
11.795200372239778 26.170971892867385
