13.044499092682011 27.298528160347953
20.39564000111357 32.36253534617296
17.495656144169768 31.517346567814528
20.02038848116252 31.43814722982569
21.16265567159386 32.93598359076085
22.839628278715466 33.047940316859254
16.238177979974665 30.310888411620883
23.5101308835797 33.89694264575383
18.97290404376189 30.538601109704352
24.601104122001406 33.72222557649339
16.16835579889847 29.63185305946932
19.71373331724134 32.56826872280229
22.811130096087812 33.75147058651888
21.665461680261537 31.933917365903326
15.986143384950916 29.04037918561738
19.02645148281173 32.38755937353392
23.209005022300943 33.47409871641794
23.576366018990498 33.52763616683348
16.105090528037547 32.963134707709365
16.979162397135994 28.995465099823498
16.790899097602367 32.151423022597776
12.574453402524506 28.8137710037275
19.518165550373926 32.34331844633277
21.571677115278433 33.60831694891802
17.260272796734615 34.158979651899955
22.58184176140462 33.78096227080102
21.27641150330259 33.27549750387439
29.322789710637146 34.79930240196829
16.994232125884444 31.826612896223995
15.669577056451866 29.47941729876638
25.127973440287384 34.132440904381205
29.628203275697643 34.84258151841983
23.112987757855468 33.75921640925503
23.66502162266109 34.11060045441497
20.406640903106688 33.682255996992176
17.302460974260082 32.61486367372645
13.988101123249445 29.91378426483721
16.42052393355076 30.426309255597726
24.90402557499067 33.96694834850555
14.867135022363263 28.692026275650544
24.857145923946526 34.30521615966945
13.304077317642875 28.36231306114724
23.718029179564674 32.91781246062859
16.204383684018396 31.930030775259194
23.015187184065883 32.53756760873086
24.164599627302348 34.17806499329266
20.68933553015451 33.67949363254769
21.76098885471047 33.39910421619127
16.0388393179285 31.26466553395182
12.616663008491168 30.394749221301783
19.497203909348006 32.30299412363645
18.1165593973632 31.53473343212678
19.451503077668587 33.83390971760465
26.357705724667028 34.48318926626381
24.15219140586941 33.90612978554464
17.173462178681365 33.01662081370326
21.24456966912805 32.603919405347334
24.3468778536117 33.69964172257178
23.22928588524232 32.95126405465476
20.19635466955271 33.01516872414096
