17.590780867137394 31.67626493646111
15.441467652657444 28.823445467478265
11.602246188722685 26.03379558536546
14.357157641370133 28.13935207875895
17.60139732257239 29.884588788359764
15.785776115273125 32.0586184291247
11.542911783443683 28.163162808807655
28.05178682510159 34.396553530592655
18.793240907990917 30.380462025936882
9.890630964549539 28.278029171000327
16.130349026668778 28.910247886527475
8.199465456088697 19.12693795792186
25.90273140322252 34.11984526046196
21.47257668802407 33.30201166633991
18.37343607579581 32.38198755615227
13.579135313165711 26.519862824348877
26.457210234967114 34.497283300091915
16.646636303634946 28.710519761525642
9.024060324063722 30.751044865337242
14.785529682676273 27.83808954266097
14.2100512595921 32.369622591469565
26.53344984250292 34.43983208681912
16.46625022735016 29.40606230413844
19.290757600586954 31.98469088969339
8.744469715847861 21.068030353480818
21.50256905759441 31.92528374166859
20.10556640048983 31.945879053327438
22.096851441305947 32.4172782708092
23.779601921914647 33.65349216928808
8.476349865106513 22.819432014801748
16.753703569060676 32.75931866748048
15.337616367663045 28.157027445204704
15.676173511728093 29.197873052905877
9.135444252567693 24.095800888310087
22.439791802370372 33.606520192636204
9.309401307222675 26.321236571369212
9.60697858370547 20.705724408319686
8.772488795383863 21.450339838549503
14.430004613177799 30.385748281203092
18.8430239129423 31.202181126980456
18.386289341642467 31.12290050015396
10.918805587578554 28.96587161332871
16.807664006416566 32.43183934086542
24.715662815968862 34.19488223357026
12.314824835260817 30.95100593226029
12.764756276137286 29.841234437760573
10.957517440764242 25.127594464821136
14.80822851222221 30.729303830562078
18.150883855920878 30.29064245155132
13.115373232770896 27.738458345778966
10.020220142707107 25.644100471782313
7.934993192017412 22.33393053400452
12.457275858172162 28.687275502326678
13.966904257428592 28.507351511832915
15.589276713088777 28.442158839852194
7.281177598854667 18.974943969247448
19.288243808979637 29.565616308235132
14.02788478416229 32.70734451233612
14.125997202744534 27.189718658907672
9.101278710153203 25.225122514079043
17.566429872135096 33.50664483731641
24.365814660417403 33.33957975729733
11.514988900852241 26.143460147574206
13.661594523431729 30.23117446902911
14.046746109195983 30.60307994755272
15.56270505536105 26.090272550600716
25.54472495328556 34.282426979771664
13.424171941769192 25.151004809394525
21.26818290566785 34.06388531767931
26.29048933248667 33.99572813838955
17.008983960890603 32.56141852805005
10.435266951798713 25.32309070659954
16.155129350120298 32.6170979230125
29.696361126475818 34.91389102912866
11.446357530360007 28.0996886916546
17.395361060458974 32.079656371390534
12.196755926360137 22.790652522981528
11.665442181254182 24.56703211182035
13.296949876967068 27.75292110292224
14.688249492806088 31.562846744738586
11.962911496928793 28.404821815095303
6.999553783894038 21.893090841176413
7.488482653067709 20.42365643786421
16.678108530776335 27.820290224771636
7.997038934377548 21.349965054001892
17.57320159822878 32.75510188506291
11.038244806167796 28.363982891766405
17.649999483480435 31.85668175327551
17.34165288928938 33.49074472218108
21.227326868676357 33.566774067324545
30.824653202692776 34.97224732258194
17.50294117631 31.596500083765676
22.871948009595183 33.94786014388296
14.169985279798874 30.1875569322527
12.658988139390306 29.150063977039924
9.521814968220093 24.538978766003197
16.752003404578723 30.172566700562534
16.216425922329122 32.23269469394188
21.161820258381315 32.5113026789888
14.048958403056732 30.069858053048154
9.778795978280614 25.629861033947048
20.634385629912913 34.43337271886885
27.857612255185217 34.39442572460338
11.43251543016012 29.433403961748894
20.970426362955212 30.90232764466224
17.454165974670687 32.0254086590346
7.975164497612803 22.292339457098535
11.672703571444718 21.000916496210927
16.147149594014973 33.02927190961239
12.190269491570438 24.726995360917453
20.75183442983232 33.12138038556565
11.316444217816082 28.24447894111256
12.936413831837127 25.77090411191215
18.119321807820917 33.4658033906905
8.83406598524925 22.58014147645032
9.941185538134675 22.405922258472422
9.49760259767952 29.298254860374207
18.393502252097562 31.512580910198302
11.618883999536259 29.11261011032591
17.8928080404564 29.38972528041087
