11.249068620505108 23.93697520762951
12.998538421764009 30.351380294015
17.987475434345725 32.56231299887895
12.106257702575848 25.12701882546449
6.732225765259471 19.251448933866534
13.060485822949707 22.293489920326156
18.562154807476094 33.004294101228226
15.857429419087376 29.68944315063269
12.976760135759244 25.262349116145536
11.167942157908804 26.61832090046518
10.374455562481996 21.901548769485988
15.119648394255087 30.94226995201895
13.0384112068146 22.86030686549509
22.357736088935432 33.96454447892835
13.865606212918676 27.18191841047574
18.089541759701053 27.67915480664473
10.413544850942845 28.284110792757122
26.626468844566844 34.001518541744225
9.479672125344948 23.367691709680244
15.50551961624149 29.128839560329343
11.255094106335884 19.85910155862823
11.467910076539772 28.721218547805766
15.371801708637946 29.386278012233717
14.437973474395722 26.98961603775071
16.907104011904327 28.9169643187333
18.32692682647626 32.30039018193271
14.633808350785994 29.98238598931292
12.224370659108105 29.520604070720168
14.556712548621528 32.2057309650287
16.3598164929543 29.98275866960297
15.931330310301078 26.99150387448224
12.550993292958129 28.970571241711994
13.383828907547672 31.174920013373843
13.268233884997738 25.09467061847194
9.409288149131825 23.607083861094505
7.8923761254728735 17.02216693294464
28.52004257040072 34.13001563841374
14.075330496937294 24.649610191839955
18.296047622016474 34.2053503494224
24.441978538750213 34.277016923527775
8.339137314291563 22.86939787853638
17.030310175906692 31.50240588442295
18.21398472662721 30.96412819568323
7.652112106046095 20.52581134677539
15.059486838125789 31.435135057117115
18.07169998149435 29.376885282210296
16.30036322143134 29.67090543079853
28.881146269357355 34.73691272121349
10.651376869293543 28.781578165117605
14.669332397401032 30.731084505754595
6.2207135346075235 22.283074285666697
10.064661290782407 24.589949888458804
12.514278994947576 29.85725187507229
13.586302922466086 26.12233684114473
8.473437121945214 24.49578066980258
9.239104506958087 20.95956521746713
8.436491084396616 21.268413164637163
9.402939311274624 32.02775209478208
9.820364974356014 21.31274656652555
5.929368405669466 16.814236551087337
