15.30057924571653 28.763587707235537
26.430046821228757 34.43825018229137
8.172369393065173 27.500642398059824
16.045472323962297 30.372303713757052
19.13186414307766 31.605006469081285
17.335695262698167 31.017015148804912
19.34384755001194 32.631442549669735
21.32670970247759 33.762561411829424
17.705606412923338 30.342140404410316
17.79333060805197 32.00850807938434
25.241613260563383 34.299444759320295
22.549777308013056 33.658220638918756
18.744323806341807 30.571042796910127
20.745921900756674 31.17711707713422
14.9479281520435 32.12098020457001
10.185801465016512 26.359130455239292
26.05786739746616 34.19260705902453
11.490051021266106 27.046324278486193
18.665221242876562 31.71604688549985
17.982406323721065 31.100650678187108
13.72080754748892 32.33912832060431
21.302823689198323 32.22757190321712
19.03692502904731 33.97929171588124
17.388281376957472 30.510854171862114
14.714955157701887 29.283843332341583
17.421936040608234 32.252750518305966
16.41860941903939 33.63623668413315
18.161928277593812 32.19370353394464
11.816380783879138 26.714269411013344
21.187252458213433 33.634640435104615
23.059227598485467 33.63738371489412
13.068465293847659 26.73841228277085
17.522498629972898 31.897313263354434
17.734741420738374 32.897747036107965
18.456575260805906 31.88800428332842
16.492968869059588 30.077264394201148
23.56672141650969 34.06012675587322
14.606667534313535 30.799248459742266
17.26146972574143 31.60143917821221
20.30787911417483 32.88017536857889
19.511822963667075 32.897918357226544
20.792063678685444 32.73515996901191
13.28710187934753 30.936293221093294
24.31920769940296 34.31818298529225
16.326757159261412 32.28264424027233
12.652416952148942 28.455366373267466
10.54199033199798 24.6075019217163
14.668938767165788 31.46900075434666
13.91136049082325 28.24340951469768
24.63577041525671 34.03667560555568
15.530666841221496 30.620978821607608
22.53119968896268 33.856566424432074
15.461390213190134 32.18594478971676
20.159289639299026 33.59016980362477
17.248338635765315 31.46292741427568
13.70652905049192 32.956538881604075
15.712137618083101 29.180056590279204
19.58096401251242 33.235298846048074
17.958607764458957 32.16207957578858
15.093106899938459 27.068486848919246
